g: 9.98560261870486    incerteza_g: 0.09148444279249769
g: 9.94395983819902    incerteza_g: 0.06278784515861799
g: 9.869998534138931   incerteza_g: 0.028381094241469035
g: 9.71565388877437    incerteza_g: 0.016712652671183582