g: 9.869998534138931
incerteza_g: 0.028381094241469035
