g: 9.71565388877437
incerteza_g: 0.016712652671183582
