g: 9.98560261870486
incerteza_g: 0.09148444279249769
