g: 9.94395983819902
incerteza_g: 0.06278784515861799
